9780198832638
9781138484337
9783161555886
9781138478251
9781474282659
9789004409705
9781107194151
9781107195547
9780300233339
9780198830993
9780748695492
9781107172029
9781316613863
9780198796909
9780198835004
9780198833116
9780198798361
9780198831556
9780198822721
9781138503748
9781138498006
9781138827486
9781138596054
9780367184599
9780198786191
9781107434929
9780367143299
9781108415613
9780198824381
9781107546776
9780367135850
9781350123144
9781107427501
9781107176980
9780367184636
9780813232041
9781108730198
9783110611786
9783110611755
9781474286671
9781474286664
9781498571395
9780190455934
9781527533042
9780691191690
9780190688509
9780198833611
9781138375703
9781138908772
9780198826613
9781350075238
9781138572935
9781138037038
9780367141110
9780367085926
9789004173798
9789004156708
9789004231573
9789042025790
9789004284906
9789004184169
9789004307872
9789004157071
9789004306486
9789004169722
9789004345621
9789042036208
9789004255326
9789004352896
9789004187207
9789004175341
9789004322004
9789004195868
9789463511728
9789004172043
9789004328501
9789004102279
9789004100176
9789004108349
9789004164581
9789463006323
9789004097599
9789004312609
9789042019256
9789004208858
9789004170872
9789004361454
9789004180413
9789004173606
9789004310360
9789004096271
9789004279483
9789004175426
9789042038349
9789004153813
9789004288010
9789463004763
9789004182004
9789004362413
9789004355156
9789004216839
9789004325890
9789004120877
9789004347366
9781891640223
9782729120535
9780816626113
1
9781138382428
9781138375727
9780812251548
9781138375314
9789004217409
9789004017184
9789004156692
9789004160460
9789004085381
9789004151642